%YAML:1.0
calibration_time: "Thu Feb 21 15:54:16 2013"
image_width: 1280
image_height: 720
board_width: 11
board_height: 7
square_size: 2.
flags: 0
camera_matrix: !!opencv-matrix
   rows: 3
   cols: 3
   dt: d
   data: [ 1.0211322713071506e+03, 0., 6.2125214109119736e+02, 0.,
       1.0169485457435253e+03, 3.8332440294619215e+02, 0., 0., 1. ]
distortion_coefficients: !!opencv-matrix
   rows: 5
   cols: 1
   dt: d
   data: [ -1.7033512511308585e-01, 1.3685930369707442e+00,
       1.0159415571776863e-02, -1.7548664843997919e-02,
       -3.2133861342066212e+00 ]
avg_reprojection_error: 6.0018764652931189e-01
